=== LEVEL 6 ù Europe du Sud COUNTRIES (rescaled) ===

      {
        id: 'france', name: 'France', ownerId: 1,
        unitsPrecise: 7, populationTier: 5,
        center: { x: 366, y: 306 }, dotSize: 33, flagCode: 'fr',
        path: [
          [291,302], [275,298], [271,292], [273,276], [288,276],
          [305,278], [314,267], [312,257], [328,262], [341,261],
          [355,251], [359,231], [369,225], [390,239], [399,252],
          [414,262], [441,270], [449,291], [436,316], [429,332],
          [436,342], [436,357], [449,387], [429,402], [393,390],
          [381,410], [375,419], [343,410], [324,409], [311,397],
          [321,347], [320,333]
        ]
      },
      {
        id: 'italie', name: 'Italie', ownerId: 2,
        unitsPrecise: 6, populationTier: 4,
        center: { x: 559, y: 441 }, dotSize: 26, flagCode: 'it',
        path: [
          [480,377], [462,373], [451,387], [437,360], [445,342],
          [462,328], [472,337], [486,328], [499,324], [513,321],
          [537,328], [534,348], [518,361], [523,382], [543,399],
          [555,422], [572,431], [585,446], [609,462], [620,476],
          [599,467], [588,477], [593,482], [598,498], [593,505],
          [586,518], [571,526], [572,543], [564,550], [541,537],
          [528,528], [535,514], [555,516], [572,513], [582,501],
          [582,492], [562,465], [552,451], [531,444], [519,435],
          [498,413], [490,390]
        ]
      },
      {
        id: 'espagne', name: 'Espagne', ownerId: 3,
        unitsPrecise: 6, populationTier: 3,
        center: { x: 298, y: 476 }, dotSize: 30, flagCode: 'es',
        path: [
          [216,393], [228,397], [247,395], [264,400], [280,397],
          [288,401], [307,401], [312,409], [333,417], [350,414],
          [357,423], [382,422], [382,431], [378,435], [366,444],
          [350,449], [343,456], [328,485], [329,498], [334,504],
          [325,512], [320,528], [309,532], [301,548], [266,548],
          [246,563], [240,559], [237,545], [229,537], [221,537],
          [221,528], [229,519], [224,512], [229,496], [222,485],
          [230,481], [231,453], [242,442], [242,437], [233,428],
          [213,431], [211,424], [203,427], [206,423], [198,405],
          [215,395]
        ]
      },
      {
        id: 'allemagne', name: 'Allemagne', ownerId: 4,
        unitsPrecise: 8, populationTier: 4,
        center: { x: 477, y: 207 }, dotSize: 33, flagCode: 'de',
        path: [
          [459,145], [471,147], [473,154], [486,157], [483,161],
          [494,166], [514,154], [534,171], [532,188], [539,194],
          [546,226], [540,224], [537,229], [507,243], [514,261],
          [534,278], [519,291], [522,300], [513,298], [500,305],
          [487,302], [485,306], [468,297], [447,301], [455,273],
          [444,266], [433,266], [429,260], [431,253], [426,249],
          [428,239], [423,233], [423,211], [431,211], [436,202],
          [436,172], [446,171], [451,176], [456,167], [465,166],
          [459,147]
        ]
      },
      {
        id: 'royaume_uni', name: 'Royaume-Uni', ownerId: 5,
        unitsPrecise: 7, populationTier: 5,
        center: { x: 297, y: 166 }, dotSize: 30, flagCode: 'gb',
        path: [
          [246,201], [278,77], [276,85], [307,87], [287,118],
          [300,121], [310,129], [315,147], [330,161], [329,170],
          [337,177], [334,188], [354,188], [357,195], [355,203],
          [343,211], [342,220], [352,222], [347,226], [339,230],
          [316,229], [302,234], [292,231], [280,242], [273,239],
          [262,244], [271,230], [279,225], [292,225], [300,215],
          [296,212], [285,216], [262,215], [279,197], [279,186],
          [275,184], [292,180], [297,159], [287,150], [291,140],
          [266,141], [273,129], [273,118], [261,113], [264,100],
          [256,104], [261,94], [260,81], [265,80], [269,67],
          [296,60], [229,132], [220,145], [222,153], [208,158],
          [198,158], [201,184], [192,213], [208,216], [226,216]
        ]
      },
      {
        id: 'pologne', name: 'Pologne', ownerId: 6,
        unitsPrecise: 5, populationTier: 3,
        center: { x: 618, y: 194 }, dotSize: 26, flagCode: 'pl',
        path: [
          [581,147], [590,147], [598,157], [639,156], [656,157],
          [661,161], [671,189], [663,194], [662,201], [669,206],
          [667,213], [679,237], [661,257], [662,267], [648,260],
          [629,261], [624,265], [616,256], [611,261], [602,249],
          [593,248], [590,240], [577,238], [575,244], [571,234],
          [552,225], [545,211], [544,193], [537,186], [537,171],
          [543,163], [580,148]
        ]
      },


=== LEVEL 7 ù Scandinavie COUNTRIES (rescaled) ===

      {
        id: 'islande', name: 'Islande', ownerId: 1,
        unitsPrecise: 3, populationTier: 1,
        center: { x: 123, y: 144 }, dotSize: 28, flagCode: 'is',
        path: [
          [154,111], [168,117], [174,129], [186,132], [184,146],
          [177,147], [168,158], [112,178], [92,176], [76,166],
          [63,168], [72,158], [66,156], [60,146], [54,146],
          [69,146], [72,134], [63,128], [46,129], [50,118],
          [64,124], [66,114], [76,122], [75,134], [81,140],
          [86,132], [94,129], [96,122], [106,128], [117,118],
          [126,129], [128,118], [136,123], [154,112]
        ]
      },
      {
        id: 'norvege', name: 'NorvÞge', ownerId: 2,
        unitsPrecise: 4, populationTier: 2,
        center: { x: 536, y: 228 }, dotSize: 32, flagCode: 'no',
        path: [
          [770,8], [778,9], [774,12], [780,24], [758,30],
          [744,56], [710,56], [692,42], [674,48], [672,60],
          [650,58], [645,62], [645,70], [636,69], [621,84],
          [624,93], [612,111], [600,116], [602,134], [591,152],
          [598,160], [582,164], [570,176], [573,220], [585,232],
          [578,237], [582,255], [570,272], [572,285], [561,282],
          [554,272], [549,285], [537,288], [520,306], [512,309],
          [498,308], [482,297], [482,292], [489,291], [489,278],
          [486,273], [474,280], [474,276], [488,270], [488,260],
          [498,250], [474,256], [470,243], [508,236], [501,230],
          [471,232], [471,220], [489,224], [490,219], [474,213],
          [477,208], [490,208], [494,202], [502,204], [514,196],
          [501,195], [507,190], [520,196], [522,192], [518,189],
          [522,178], [552,183], [561,174], [564,166], [560,164],
          [546,174], [537,172], [566,144], [579,141], [579,136],
          [572,134], [584,118], [596,112], [584,112], [584,108],
          [597,96], [615,93], [614,88], [604,88], [610,88],
          [609,76], [622,76], [627,72], [624,68], [633,69],
          [634,60], [648,48], [646,44], [651,46], [660,36],
          [669,40], [672,34], [669,44], [674,45], [681,34],
          [699,33], [698,26], [706,24], [717,30], [730,9],
          [740,12], [738,28], [756,14], [759,22], [764,21],
          [770,12]
        ]
      },
      {
        id: 'suede', name: 'SuÞde', ownerId: 3,
        unitsPrecise: 4, populationTier: 2,
        center: { x: 663, y: 120 }, dotSize: 33, flagCode: 'se',
        path: [
          [680,54], [722,74], [738,122], [717,120], [705,134],
          [700,146], [705,158], [699,166], [681,176], [666,192],
          [660,192], [658,200], [652,200], [650,230], [654,248],
          [668,254], [682,268], [668,279], [675,284], [657,294],
          [645,296], [651,306], [651,339], [644,357], [626,357],
          [618,364], [616,375], [602,376], [598,346], [573,309],
          [568,294], [576,286], [578,268], [586,260], [582,242],
          [590,236], [590,230], [579,219], [574,183], [580,171],
          [602,166], [602,154], [597,152], [606,136], [606,118],
          [618,114], [630,93], [626,87], [633,76], [648,75],
          [652,64], [674,69], [680,64], [680,56]
        ]
      },
      {
        id: 'finlande', name: 'Finlande', ownerId: 4,
        unitsPrecise: 3, populationTier: 2,
        center: { x: 784, y: 190 }, dotSize: 28, flagCode: 'fi',
        path: [
          [777,30], [798,39], [792,51], [792,64], [800,74],
          [818,82], [807,99], [826,123], [825,147], [842,164],
          [836,174], [862,195], [842,225], [818,249], [792,249],
          [789,254], [752,262], [744,255], [741,260], [740,252],
          [722,246], [722,220], [712,196], [756,150], [765,148],
          [765,132], [738,114], [740,99], [734,93], [730,74],
          [712,62], [730,58], [746,63], [756,52], [756,39],
          [762,33], [776,32]
        ]
      },
